210012011
210012011
200111012
102111002
111022202
1100111
100110101
101010011
1211021
102120122
102120122
202202111
220010111
10111100
100011101
120212021
120212021
211010102
100110011
100101122
101010110
101010110
10111202
111100010
221011100
100011101
110110001
110011010
110011010
110100122
111010022
100101122
111200210
111200210
21020111
11010101
11010101
101100110
21110102
1010111
100012211
110100122
100110011
100111010
111201200
111001100
1202111
1202111
11101001
101010110
22111202
22111202
210012011
102120122
102120122
111001001
221010122
100011101
10111001
110011001
201210110
201210110
11210102
110100101
10112012
122120120
122120120
10100111
21221201
100110011
120011201
201012110
110010101
121210100
121210100
210012212
2111012
2111012
10100111
111200201
11010101
110110001
102212201
122011001
122011001
101100110
110212010
221210102
221210102
110100101
101001011
100120121
201210101
1211102
111001010
101110001
201221201
201221201
21002111
22022111
101210102
10110011
100102121
101100122
102100112
101120102
220001111
20201111
1211201
21110102
102120110
111102020
110010101
111202220
210211010
101010011
111220220
1100111
100112021
10100111
10100111
210110012
11210102
11210102
101011001
1022111
101001011
201012101
201012101
11001101
100111010
110110001
111001100
10010111
1101221
100001111
1011110
221001101
211021001
201112100
201112100
112102100
100110011
2012111
111001010
111001010
112210001
110110001
201012122
101010110
101010110
220111202
101122100
111020120
122210021
122210021
221011001
221011001
122010101
102111200
102111200
110010101
100011011
110012012
202111010
202111010
11010101
102210101
110011001
101110001
111220100
111010022
111010022
111202202
111001100
221010101
110210012
110210012
100101110
110101100
110101100
10110011
202022111
202022111
111120200
102210221
102210221
100210121
121021001
121021001
122101100
122101100
12212012
200111021
111100001
100011011
101100110
10110011
221011001
221011001
11001221
10100111
111222002
122120120
101010122
101010122
201210122
1100111
1100111
201021011
102110102
122210201
100011221
12010112
10100111
101001011
10001111
1100111
120210101
211010102
2111021
2111021
100110011
22111202
111202001
100001111
100011101
110210012
110210012
211010102
212210012
100122122
101010011
222020111
20111222
111001010
111001010
1100111
100110101
100110101
110010101
100101110
111100010
122100110
100110101
100110101
110011001
101100110
101100110
1110101
101100122
100112021
111201200
111201200
1202111
220001111
11101001
111100001
201012110
2111102
101100122
11101001
111201020
1010111
1010111
220111202
220111001
111001010
10100111
111100010
1100111
2102111
21210122
100110011
101010011
1012112
210011012
110210012
110210012
11101001
111202010
1012112
1012112
100011101
121021001
221101001
201112100
122210021
101010011
10111202
111210200
111210200
1201121
201210101
211210100
211210100
210011210
210110012
210010211
111200201
111100022
201012101
111001100
21201221
2111021
21110102
10112012
111202100
122102120
100110011
221212100
11212100
22111202
11010101
111001001
1212122
101011001
221011100
10022111
11210102
11210102
111010100
100110122
100110122
100011101
220202111
210212012
2222111
110012012
110012012
121102100
21002111
2021111
111001010
210010112
210010112
212210012
10012112
1001111
102212201
111010010
111010010
110210012
100110011
100110011
110110001
101010011
101010011
111001100
101100110
101100110
1100111
1100111
202111001
110010101
110010101
11101001
111010100
111010100
100101110
100101110
120100112
120100112
201111200
10110011
10110011
101021021
101021021
111202100
10202111
21221201
210211010
210210011
10211012
10211012
101100110
101100110
101100110
102122102
20201111
121201001
210011012
201001211
201001211
101012102
1110122
2012111
2012111
101110001
101110001
101010011
100111001
100111001
110110001
1110122
1110122
10001111
101010101
221011001
221011001
201211100
110120102
100011011
100011011
10111001
101012021
101012021
121102100
121102100
100110221
10012211
10012211
111010001
111010001
201011120
201010112
111020120
111010022
111010022
201221201
221012102
221012102
111001001
111001001
110010101
110010101
100101110
111202100
111202100
120212021
110011010
110011010
221010122
221010101
221010101
100110011
100110011
120111002
120111002
110101100
111020012
11101001
221010101
221010101
11210012
100101110
100101110
122210201
110101100
110101100
111020222
101110001
101110001
10001111
11001101
11001101
210210212
210012011
210012011
210111200
210111200
1012121
111002021
111002021
10210112
221001101
221001101
110011001
102002111
1212101
102212201
102012221
21010121
11001101
111100001
111010001
20201111
101010011
111022220
1101011
111001022
122100110
111001001
11110010
210010211
110011001
102122102
102122102
122100110
10001111
101100110
210111002
110101100
101001011
100011101
10100111
221110100
101010011
111010010
220001111
110110001
110101100
11201201
111102020
100012121
221001221
221001221
111001100
210111200
10011110
111001010
111100022
10001111
111120200
100110011
1201211
111001010
110102120
200111021
101110001
111012002
111100001
100011101
100001111
211012010
11012120
10100111
110100101
101010122
101010122
101010122
120121100
111001010
10211012
210011012
111100010
1101221
100212221
110010101
1101011
100120121
101010011
111100010
220001111
1010111
2111012
102212021
101010221
102010121
10111202
10110011
212011010
1100111
100011011
201021011
111100010
100110221
101210102
101110001
210012011
201012101
201221201
200111012
111022202
111100010
101100122
10100111
101010011
221021201
21201221
11210210
121010201
21212102
100120121
102120122
101100122
210200111
110101100
1100111
101001011
100110101
211001021
102110102
100011011
111220010
111010010
1100111
100110101
101010011
1211021
102120122
110110001
111202010
100011101
110011001
211010102
100110011
210010112
101010110
10111202
120110201
111100010
221011100
110011010
211010012
100101122
111200210
21020111
11010101
110011001
1110110
21110102
110100122
100110011
111201200
10001111
1202111
221110100
101010110
22111202
210012011
102120122
111001001
10010111
221010122
10111001
111001100
201210110
11210210
11210102
10112012
122120120
10100111
1202111
100110011
120011201
201012110
11012102
11011100
210011012
11101001
111201020
2222111
111100022
221021201
211201001
2012111
210011012
210011012
101010011
111120200
1001111
110010101
121210100
221001221
2111012
10112012
10100111
111200201
110110001
102212201
122011001
101100110
1100111
221210102
201210101
10100111
100120121
101212001
1211102
110011010
111022022
210111200
102012221
22022111
21002111
10110011
100102121
101100122
101010101
220001111
20201111
11101001
100212011
110010101
111202220
210211010
101010011
1100111
100112021
101110001
10100111
121021001
100110011
201211100
111220202
101010011
121102100
10100111
221221001
221001221
101001011
201011120
11021201
201010112
111020120
212010110
12002111
220220111
200111210
201111200
10110011
101001011
111022022
111202100
1110122
10202111
110011010
11010101
210110012
111010010
12212012
101010011
101100110
222002111
2111222
20102111
221011001
110011001
11210102
121010102
101011001
10100111
101001011
101110001
201012101
11001101
110110001
111001100
1101221
111002012
221001101
211021001
111010001
201112100
222111002
112102100
112102100
100110011
110100122
111001010
112210001
10111001
101010110
220111202
111020120
101010122
122210021
221011001
121210100
1021121
110010101
100011011
1110110
110012012
11001101
11010101
110011001
210111200
21010121
12012212
110011010
112100120
122110001
20201111
1101011
100212221
111100022
10001111
110010101
111222020
101011001
102111200
10001111
1111010
100110011
111100001
100212221
21001121
201021101
10110011
210212210
101001011
111020021
112120100
112120100
101010011
1101221
10210211
10110011
202111022
112010201
100012121
201212120
212011010
222200111
101100110
200111222
11010101
10100111
111100010
100110011
101100122
211012010
120200111
2111012
110210012
210111002
212012012
11001101
111100010
100011101
222020111
1101011
102012221
11101001
211012100
101010122
100101110
111001010
210020111
122212001
22111202
111202001
201210110
100011101
211021001
211010102
212210012
210012212
222020111
20111222
111001010
1100111
100110101
122100101
120101102
111001010
100101110
111100010
1100111
100110101
111001100
101100110
1110101
101100122
100112021
111201200
10100111
1202111
220001111
120121100
201012110
2111102
210110012
100011011
11101001
111201020
1010111
220111202
111001010
11110100
111100010
1100111
100111010
100110011
111222200
100001111
210011012
110210012
11101001
111202010
101001011
1012112
100011101
121021001
221101001
2012111
122210021
101110001
101010011
201012122
111210200
1201121
201210101
211210100
21002111
210110012
210010211
210010211
102111200
111200201
111100022
102020111
111001100
21201221
21110102
201011201
111202100
100110011
101110001
221212100
221212100
111001001
110011010
101100122
1212122
101011001
10022111
200111021
100110122
220202111
210212012
100110011
1111010
2222111
110012012
111010100
121102100
21002111
2021111
111001010
221001011
212210012
10100111
102212201
122010101
111010010
201021101
100110011
110110001
101010011
111001100
101100110
20102111
202111001
121001201
111010100
100101110
1101011
120100112
201111200
10110011
101021021
101011100
111202100
1100111
10202111
210211010
211201001
10211012
101100110
10110011
102122102
20201111
121201001
221001101
11110100
201001211
211010102
101012102
1110122
110010101
101110001
101010011
120110102
110110001
1110122
101010101
221011001
2021111
110120102
100011011
10111001
101012021
121102100
100110221
120120122
120010121
111010001
20201111
12012212
201010112
110212010
111020120
111010022
201221201
201221201
221012102
111001001
110010101
100101110
201210101
111202100
120212021
11001101
221010122
221010122
221010101
101100110
100110011
120111002
110101100
111220010
110010101
111020012
10100111
11101001
221010101
201121001
100101110
122210201
110101100
10212011
111020222
101110001
10001111
210210212
210012011
210111200
1100111
10210112
111120200
110011001
10001111
111001010
101010110
222111002
111002222
10110212
21212102
121210001
101010011
220111202
110011001
112012010
122101100
101100110
110010101
1021211
120020111
110100101
12212012
20111012
110011010
110011010
101120102
121100120
100001111
110011001
1101011
100110101
20222111
20222111
110010212
111100010
220001111
110101100
111102020
1101221
100001111
21001211
10110011
110011010
111100010
100110011
1201121
100110011
1010111
200111012
111022202
111100010
110100101
110010011
1010111
102100112
11010101
10111100
111100010
102210221
102120122
120200111
210110012
112012010
111100010
100011011
110010101
1101011
11101001
210012011
110012210
101010122
202202111
220010111
100110101
11011100
2111012
100110011
101010110
100010111
10111202
210210011
110110001
101010011
121120100
101010221
100110122
120012221
120212201
21020111
202111022
221210102
100012211
10100111
111210200
111010100
1201211
200111222
21210101
101010011
10212011
101100110
220202111
121021001
120111200
101010110
101010011
111001100
1110122
2021111
111001010
221001221
221101001
102012221
120010211
11010101
221021201
201210110
100011011
101110001
102012221
122101100
101100122
110011010
110110001
201012110
101120102
221010122
111010022
221010101
121021001
20021111
1101011
111202100
1100111
210211010
122100101
21101021
120212201
101010122
111120002
20210111
211201001
200111012
110110001
1112120
110110001
101010101
221011100
210010112
100110011
210111200
1110122
221011001
1011101
201111020
102010211
110011001
22220111
11001101
111010001
20201111
101010011
111022220
1101011
111001022
122100110
111001001
100101110
110011001
102122102
122100110
101100110
110101100
101001011
100011101
10100111
101010011
111010010
220001111
110110001
110101100
111102020
100012121
221001221
201221201
210012011
210111200
111100022
10001111
111120200
100110011
1201211
111001010
110102120
200111021
110100101
100012121
1110110
221101001
11210120
110100101
101010122
21021221
10011110
220111001
120121100
111002222
10211012
210011012
111100010
100212221
110010101
100011011
110011001
101100110
220001111
1010111
2111012
102212021
102010121
10110011
212011010
1100111
100011011
201021011
111100010
100110221
101110001
210012011
10011110
111022202
10100111
101010011
221021201
11210210
120110201
200111021
100120121
110101100
111100001
211001021
102110102
100011011
111220010
1100111
100110101
101010011
1211021
102120122
202202111
111202010
11010110
111020120
100110221
111201020
111100001
202100111
210011012
112010012
10111001
101110001
1111100
1100111
10100111
111200201
1110101
221011100
1100111
221210102
110010101
100120121
101110001
1211102
110100122
21002111
100102121
101100122
101010101
20201111
101110001
210211010
10011212
100112021
110011001
11010110
121010021
201011120
11021201
111020120
12002111
1011110
220220111
201111200
10110011
101001011
122102120
100100111
110011010
11001101
10012112
101100110
101110001
2111222
20102111
1111010
221011001
11210102
11012120
10100111
101001011
101110001
201012101
11001101
110110001
111001100
1101221
100001111
221001101
211021001
201112100
222111002
111020201
100110011
111022220
112210001
101010110
220111202
111020120
122210021
221011001
122010101
1021121
100011011
110012012
202111010
11010101
110011001
111010022
20222111
111202202
221010101
110210012
100101110
110010101
110101100
10011110
11110010
100120112
111001100
101100110
210011012
111202100
1012112
221021201
122012201
10001111
101010110
211001201
1210112
110010011
122100101
221221001
10001111
202220111
210111002
111010100
102210221
102212021
122010221
11210102
21012110
201010112
112100102
101100122
100102121
111102020
201221201
11001101
11001101
210112010
110012012
10112012
111202010
111001100
1202111
120120101
110011010
2111102
211001021
11101001
100101122
11110100
110100101
112100102
100111010
110011001
100120112
10010111
101010221
102212201
111100100
210012212
211010012
10100111
111120200
1201121
1010111
210210011
111222200
210212012
111202022
101110001
221011001
1010111
111220010
100110101
221212100
100100111
202111220
1212122
100011101
110011001
1202111
102110102
210010112
201011120
122102120
1100111
101210102
220001111
102002111
2111201
112010012
111200120
1012112
101012102
121102100
2012111
202111010
110010101
120012221
111210200
100101122
100120121
101110001
211210100
10202111
100101110
210012011
210110012
110010101
110011001
221012120
111001100
10001111
10100111
202111022
111010100
20102111
221001101
201111200
11210102
10100111
111100022
111012020
111001100
2102111
221221001
221001101
101011100
11001101
100110011
110010101
10001111
11101001
1111010
100012211
101011100
110101100
1100111
12002111
222111020
111020222
212210012
210012212
201010112
100120112
101110001
10100111
202111220
1011110
121102100
221021201
120111200
201010112
101012021
111001100
22022111
111001010
122110001
201011201
110120102
111001100
221012102
221010101
102112100
200222111
101021021
122100110
100110122
110011010
11001101
110110001
100001111
120111002
102122102
10010111
100011101
121012001
122012201
20021111
11001101
210010112
1101011
111201020
1011110
100120121
221001101
211010210
1110101
11101001
1100111
100111100
111120200
1001111
11110010
10210112
210200111
121210100
221001221
221221001
100120112
11010101
1110122
21212102
101010101
221011001
11001221
210010211
210212012
100100111
2111222
11010101
221011001
11001221
101011001
111001100
22220111
110010212
11001101
111100001
101110001
20201111
100110011
1101011
111001022
10100111
122102120
211021001
20021111
210010211
2111012
120212021
101210102
122100101
112210001
101100110
100110011
100011101
110110001
10100111
122110100
110100122
1011221
111001010
121021001
120110021
200111012
11001101
100012211
101001221
221201201
111001100
210111200
111010022
10001111
111120200
100120112
21201221
111001010
220100111
110101100
110011001
111102020
100011101
100001111
101100110
212010011
111022220
1100111
100110101
122100110
100110122
102020111
1111010
100111100
101010011
101010101
201212120
101001011
221011100
211021001
210012212
110011010
10112210
201212120
211012010
220022111
21020111
201011021
11001101
110212010
101001011
111001100
1201211
202111202
111100001
111020210
111120200
102210221
100210121
101110001
122101100
201221201
200111021
111100001
100011011
101100110
10110011
221011001
11001221
120120101
111222002
1211201
101010122
201210122
111102020
1100111
201021011
102110102
100011221
10100111
111220220
1100111
120210101
211010102
2111021
100110011
22111202
111202001
201210110
1101011
211010102
212210012
210012212
222020111
20111222
111001010
122212001
100212221
10210211
100212221
122012201
22202111
221001101
120212021
2222111
122212001
122210201
10111001
111001100
2111012
100110221
110100122
120120122
11001101
111100010
111010001
20201111
20201111
201010112
110212010
1101011
111010022
100121102
111001001
111001010
210020111
201210101
1101011
200111021
120212021
100212221
11001101
221010101
120212021
120111002
110101100
111020012
10100111
100100111
201121001
220010111
122210201
122210201
110101100
10212011
111102020
100010111
10001111
101100110
221021021
122011001
210111200
1100111
100111010
111002021
10210112
111120200
100110122
100210121
10001111
111001010
221011100
111002222
111002222
201011021
112010021
21212102
100011101
200201111
101010011
221011100
112012010
201010112
112100102
122101100
122101100
101100122
100102121
120020111
120020111
12212012
12212012
110011010
11001101
101120102
121100120
10100111
100011011
111001100
1202111
1101011
100110101
110011010
110010212
111100010
220001111
10111100
1010111
101100110
111102020
100011221
102100121
100111202
10110011
110011010
1100111
100011101
201111002
111100010
100110011
100120112
11001101
101010221
102212201
102212201
200111012
111022202
100122122
110100122
10100111
20120111
110010011
1010111
210210011
11010101
102210221
102120122
111202022
210110012
111220010
100110101
11101001
210012011
101010122
202202111
1112102
100011101
110011001
102110102
101010110
10111202
122102120
122102120
220001111
110110001
110110001
101010011
2111201
112010012
112010012
100110122
111200120
111200120
1012112
21020111
111100010
121102100
221210102
110010101
110010101
10100111
111210200
100101122
1201211
11110010
211210100
1211102
210012011
210110012
210110012
111100001
1100111
100011011
10111001
10111001
111001100
101100110
101210102
101210102
10111100
111220100
10100111
202111022
202111022
100110101
201012110
210011012
210011012
111201020
111100022
11001101
111001010
2102111
2102111
210011012
10110011
111202010
111202010
1100111
110100101
10001111
10001111
2111102
111022022
10100111
111200210
111200210
101011001
102011201
10100111
2111021
21110102
110100101
212210012
212110010
210012212
111001010
100120112
101110001
100202111
202111220
202111220
110011001
100110011
120111200
120111200
111001010
101012021
120211001
111001100
22022111
111001010
201111020
201011201
22202111
110120102
20201111
102112100
102112100
111100022
111100022
101021021
122100110
122100110
121201001
110011010
110011010
201012101
201012101
102122102
100011101
102011201
121012001
10100111
201112100
100112120
111220202
101012102
112102100
221021021
101001011
201012122
201012122
10212011
101100110
101010011
100110221
102212201
111020120
102002111
210111200
210111200
212210012
100120112
101010011
1110122
2021111
101010101
221011001
210010211
102120122
102120122
222002111
222002111
2111222
20102111
100101110
11010101
221011001
202022111
201210110
11210102
100001111
101011001
110011001
101012120
21021221
210211010
210211010
101001011
101110001
201012110
100010111
22010111
